# date  relative value
1978.92 1.00
1979.08 1.04
1979.15 1.03
1979.23 1.07
1979.31 1.08
1979.38 1.08
1979.46 1.10
1979.54 1.07
1979.62 1.11
1979.69 1.13
1979.77 1.05
1979.85 1.08
1979.92 1.09
1980.08 1.14
1980.15 1.15
1980.23 1.09
1980.31 1.17
1980.38 1.18
1980.46 1.22
1980.54 1.24
1980.62 1.29
1980.69 1.33
1980.77 1.41
1980.85 1.52
1980.92 1.53
1981.08 1.49
1981.15 1.60
1981.23 1.66
1981.31 1.71
1981.38 1.78
1981.46 1.85
1981.54 1.87
1981.62 1.89
1981.69 1.67
1981.77 1.67
1981.85 1.78
1981.92 1.77
1982.08 1.77
1982.15 1.72
1982.23 1.71
1982.31 1.82
1982.38 1.72
1982.46 1.74
1982.54 1.75
1982.62 1.89
1982.69 1.92
1982.77 2.08
1982.85 2.23
1982.92 2.23
1983.08 2.27
1983.15 2.36
1983.23 2.46
1983.31 2.67
1983.38 2.67
1983.46 2.84
1983.54 2.83
1983.62 2.94
1983.69 3.00
1983.77 2.92
1983.85 3.08
1983.92 3.20
1984.08 3.30
1984.15 3.15
1984.23 3.18
1984.31 3.23
1984.38 3.10
1984.46 3.13
1984.54 3.13
1984.62 3.49
1984.69 3.64
1984.77 3.75
1984.85 3.64
1984.92 3.87
1985.08 4.18
1985.15 4.35
1985.23 4.51
1985.31 4.19
1985.38 4.44
1985.46 4.44
1985.54 4.32
1985.62 4.20
1985.69 4.31
1985.77 4.26
1985.85 4.42
1985.92 4.52
1986.08 4.49
1986.15 4.70
1986.23 5.02
1986.31 5.19
1986.38 5.09
1986.46 5.32
1986.54 5.20
1986.62 5.49
1986.69 5.23
1986.77 5.09
1986.85 5.36
1986.92 5.39
1987.08 5.66
1987.15 5.75
1987.23 6.10
1987.31 6.37
1987.38 6.31
1987.46 6.42
1987.54 6.64
1987.62 7.09
1987.69 6.79
1987.77 5.60
1987.85 5.13
1987.92 5.19
1988.08 5.38
1988.15 5.86
1988.23 5.95
1988.31 5.99
1988.38 5.93
1988.46 6.15
1988.54 6.58
1988.62 6.36
1988.69 6.58
1988.77 6.85
1988.85 6.81
1988.92 6.88
1989.08 7.41
1989.15 7.46
1989.23 7.46
1989.31 7.68
1989.38 7.81
1989.46 7.86
1989.54 8.37
1989.62 8.30
1989.69 8.67
1989.77 8.06
1989.85 8.27
1989.92 8.18
1990.08 7.57
1990.15 7.15
1990.23 6.84
1990.31 6.66
1990.38 7.24
1990.46 7.24
1990.54 7.08
1990.62 6.14
1990.69 5.50
1990.77 5.84
1990.85 5.63
1990.92 5.82
1991.08 6.05
1991.15 6.50
1991.23 6.87
1991.31 7.29
1991.38 7.56
1991.46 7.36
1991.54 7.72
1991.62 7.52
1991.69 7.51
1991.77 7.62
1991.85 7.02
1991.92 7.29
1992.08 7.21
1992.15 7.24
1992.23 7.09
1992.31 7.12
1992.38 7.26
1992.46 6.82
1992.54 6.51
1992.62 6.51
1992.69 6.60
1992.77 6.69
1992.85 7.25
1992.92 7.31
1993.08 7.48
1993.15 7.85
1993.23 8.34
1993.31 8.43
1993.38 8.65
1993.46 8.83
1993.54 9.40
1993.62 9.90
1993.69 9.34
1993.77 9.71
1993.85 9.41
1993.92 9.86
1994.08 10.66
1994.15 10.48
1994.23 9.82
1994.31 10.16
1994.38 9.97
1994.46 9.78
1994.54 9.66
1994.62 9.96
1994.69 9.60
1994.77 9.69
1994.85 9.41
1994.92 9.69
1995.08 9.35
1995.15 9.39
1995.23 9.46
1995.31 9.60
1995.38 9.84
1995.46 9.76
1995.54 10.13
1995.62 10.20
1995.69 10.64
1995.77 10.31
1995.85 10.69
1995.92 11.18
1996.08 11.52
1996.15 11.66
1996.23 11.85
1996.31 12.23
1996.38 12.39
1996.46 12.36
1996.54 11.75
1996.62 11.78
1996.69 12.35
1996.77 12.47
1996.85 13.01
1996.92 13.08
1997.08 13.60
1997.15 14.36
1997.23 14.24
1997.31 14.79
1997.38 15.66
1997.46 16.63
1997.54 17.88
1997.62 17.16
1997.69 17.62
1997.77 16.39
1997.85 16.34
1997.92 16.99
1998.08 17.87
1998.15 19.04
1998.23 19.92
1998.31 19.98
1998.38 19.43
1998.46 20.04
1998.54 20.06
1998.62 17.32
1998.69 16.80
1998.77 17.65
1998.85 19.24
1998.92 20.06
1999.08 21.17
1999.15 21.29
1999.23 22.75
1999.31 23.97
1999.38 23.41
1999.46 24.81
1999.54 23.89
1999.62 24.13
1999.69 23.69
1999.77 25.43
1999.85 27.07
1999.92 29.42
2000.08 28.46
2000.15 28.76
2000.23 31.27
2000.31 31.50
2000.38 29.99
2000.46 30.18
2000.54 30.33
2000.62 32.50
2000.69 31.27
2000.77 32.02
2000.85 29.16
2000.92 27.66
2001.08 28.23
2001.15 25.97
2001.23 25.42
2001.31 27.16
2001.38 28.08
2001.46 27.20
2001.54 26.00
2001.62 23.67
2001.69 21.65
2001.77 22.29
2001.85 23.99
2001.92 24.38
2002.08 24.12
2002.15 23.88
2002.23 24.73
2002.31 23.15
2002.38 22.26
2002.46 19.68
2002.54 18.38
2002.62 18.33
2002.69 16.27
2002.77 17.47
2002.85 18.29
2002.92 16.48
2003.08 15.50
2003.15 15.28
2003.23 15.08
2003.31 16.08
2003.38 16.01
2003.46 16.86
2003.54 17.37
2003.62 18.38
2003.69 17.35
2003.77 18.43
2003.85 18.13
2003.92 18.31
2004.08 18.97
2004.15 19.24
2004.23 19.43
2004.31 19.48
2004.38 19.27
2004.46 19.74
2004.54 19.29
2004.62 19.26
2004.69 19.16
2004.77 19.13
2004.85 19.30
2004.92 19.56
2005.08 19.99
2005.15 20.28
2005.23 20.35
2005.31 19.93
2005.38 21.33
2005.46 21.95
2005.54 22.72
2005.62 22.70
2005.69 23.60
2005.77 23.07
2005.85 24.36
2005.92 24.85
2006.08 25.28
2006.15 25.77
2006.23 25.85
2006.31 25.72
2006.38 24.23
2006.46 24.53
2006.54 24.58
2006.62 25.07
2006.69 25.76
2006.77 26.63
2006.85 26.26
2006.92 26.86
2007.08 27.63
2007.15 26.97
2007.23 27.25
2007.31 27.87
2007.38 29.00
2007.46 28.67
2007.54 27.63
2007.62 27.63
2007.69 27.98
2007.77 28.31
2007.85 26.59
2007.92 26.33
2008.08 24.08
2008.15 23.48
2008.23 22.32
2008.31 23.92
2008.38 24.36
2008.46 22.07
2008.54 21.74
2008.62 22.72
2008.69 20.63
2008.77 18.75
2008.85 17.59
2008.92 16.61
2009.08 16.47
2009.15 14.99
2009.23 15.33
2009.31 17.11
2009.38 17.59
2009.46 17.47
2009.54 18.95
2009.62 19.55
2009.69 19.83
2009.77 19.27
2009.85 19.77
2009.92 20.99
2010.08 20.76
2010.15 21.68
2010.23 23.19
2010.31 23.49
2010.38 23.01
2010.46 22.29
2010.54 22.70
2010.62 22.46
2010.69 22.83
2010.77 23.32
2010.85 24.34
2010.92 25.43
2011.08 25.38
2011.15 26.01
2011.23 25.09
2011.31 25.02
2011.38 25.34
2011.46 24.83
2011.54 24.71
2011.62 22.68
2011.69 22.19
2011.77 23.62
2011.85 24.05
2011.92 24.94
2012.08 25.73
2012.15 26.46
2012.23 26.99
2012.31 26.99
2012.38 26.30
2012.46 27.24
2012.54 28.29
2012.62 28.27
2012.69 28.34
2012.77 28.02
2012.85 28.41
2012.92 28.50
2013.08 29.18
2013.15 30.18
2013.23 31.68
2013.31 32.03
2013.38 32.24
2013.46 31.28
2013.54 32.45
2013.62 31.87
2013.69 32.81
2013.77 33.76
2013.85 34.45
2013.92 34.73
2014.08 34.13
2014.15 35.09
2014.23 35.22
2014.31 35.44
2014.38 36.82
2014.46 37.36
2014.54 37.54
2014.62 38.93
2014.69 39.72
2014.77 40.17
2014.85 41.13
2014.92 41.62
2015.08 43.90
2015.15 46.76
2015.23 48.12
2015.31 47.27
2015.38 48.53
2015.46 46.50
2015.54 48.31
2015.62 44.13
2015.69 42.57
2015.77 46.73
2015.85 48.45
2015.92 46.27
2016.08 43.38
2016.15 43.21
2016.23 44.16
2016.31 44.81
2016.38 46.11
2016.46 45.83
2016.54 47.74
2016.62 47.72
2016.69 47.87
2016.77 47.88
2016.85 50.01
2016.92 51.68
2017.08 51.89
2017.15 54.15
2017.23 54.28
2017.31 53.91
2017.38 53.67
2017.46 53.00
2017.54 52.82
2017.62 52.49
2017.69 53.77
2017.77 55.59
2017.85 55.81
2017.92 55.91
2018.08 56.68
2018.15 55.44
2018.23 53.79
2018.31 55.53
2018.38 57.75
2018.46 57.95
2018.54 59.38
2018.62 60.58
2018.69 61.33
2018.77 58.14
2018.85 58.62
2018.92 53.75
2019.08 57.76
2019.15 59.90
2019.23 61.71
2019.31 64.03
2019.38 60.76
2019.46 63.48
2019.54 65.12
2019.62 64.49
2019.69 66.78
2019.77 66.87
2019.85 69.84
2019.92 70.35
2020.08 71.09
2020.15 65.56
2020.23 57.03
2020.31 63.76
2020.38 65.32
2020.46 66.71
2020.54 66.08
2020.62 69.98
2020.69 68.93
2020.77 66.89
2020.85 73.70
2020.92 75.03
2021.08 75.13
2021.15 77.17
2021.23 82.48
2021.31 83.80
2021.38 84.23
2021.46 87.79
2021.54 89.33
2021.62 92.03
2021.69 90.19
2021.77 94.78
